"A"	"R"	"N"	"D"	"C"	"Q"	"E"	"G"	"H"	"I"	"L"	"K"	"M"	"F"	"P"	"S"	"T"	"W"	"Y"	"V"
"A"	0	16.0801	0.3364	6.6564	17.4724	2.56	146.1681	14.5924	7.4529	1.3689	0.3481	72.4201	7.6176	4.6225	0.883600000000001	0.0400000000000001	0.4096	14.44	2.9584	0.1764
"R"	16.0801	0	21.0681	2.0449	67.0761	31.4721	65.2864	0.0361000000000005	45.4276	26.8324	11.6964	20.25	45.8329	37.9456	9.4249	17.7241	21.6225	60.9961	32.8329	19.6249
"N"	0.3364	21.0681	0	9.9856	12.96	1.0404	160.5289	19.36	4.6225	0.3481	1.3689	82.6281	4.7524	2.4649	2.3104	0.1444	0.00360000000000001	10.3684	1.2996	0.0255999999999999
"D"	6.6564	2.0449	9.9856	0	45.6976	17.4724	90.4401	1.5376	28.1961	14.0625	3.9601	35.1649	28.5156	22.3729	2.6896	7.7284	10.3684	40.7044	18.49	9
"C"	17.4724	67.0761	12.96	45.6976	0	6.6564	264.7129	64	2.1025	9.0601	22.7529	161.0361	2.0164	4.1209	26.2144	15.8404	12.5316	0.1444	6.0516	14.1376
"Q"	2.56	31.4721	1.0404	17.4724	6.6564	0	187.4161	29.3764	1.2769	0.1849	4.7961	102.2121	1.3456	0.3025	6.4516	1.96	0.9216	4.84	0.0144	1.3924
"E"	146.1681	65.2864	160.5289	90.4401	264.7129	187.4161	0	68.3929	219.6324	175.8276	132.25	12.8164	220.5225	202.7776	124.3225	151.0441	162.0529	252.4921	190.7161	156.5001
"G"	14.5924	0.0361000000000005	19.36	1.5376	64	29.3764	68.3929	0	42.9025	24.9001	10.4329	21.9961	43.2964	35.6409	8.29439999999999	16.1604	19.8916	58.0644	30.6916	17.9776
"H"	7.4529	45.4276	4.6225	28.1961	2.1025	1.2769	219.6324	42.9025	0	2.4336	11.0224	126.3376	0.000900000000000002	0.3364	13.4689	6.4009	4.3681	1.1449	1.0201	5.3361
"I"	1.3689	26.8324	0.3481	14.0625	9.0601	0.1849	175.8276	24.9001	2.4336	0	3.0976	93.7024	2.5281	0.9604	4.4521	0.9409	0.2809	6.9169	0.3025	0.5625
"L"	0.3481	11.6964	1.3689	3.9601	22.7529	4.7961	132.25	10.4329	11.0224	3.0976	0	62.7264	11.2225	7.5076	0.1225	0.6241	1.5129	19.2721	5.3361	1.0201
"K"	72.4201	20.25	82.6281	35.1649	161.0361	102.2121	12.8164	21.9961	126.3376	93.7024	62.7264	0	127.0129	113.6356	57.3049	75.8641	83.7225	151.5361	104.6529	79.7449
"M"	7.6176	45.8329	4.7524	28.5156	2.0164	1.3456	220.5225	43.2964	0.000900000000000002	2.5281	11.2225	127.0129	0	0.3721	13.69	6.5536	4.4944	1.0816	1.0816	5.4756
"F"	4.6225	37.9456	2.4649	22.3729	4.1209	0.3025	202.7776	35.6409	0.3364	0.9604	7.5076	113.6356	0.3721	0	9.5481	3.8025	2.2801	2.7225	0.1849	2.9929
"P"	0.883600000000001	9.4249	2.3104	2.6896	26.2144	6.4516	124.3225	8.29439999999999	13.4689	4.4521	0.1225	57.3049	13.69	9.5481	0	1.2996	2.4964	22.4676	7.0756	1.8496
"S"	0.0400000000000001	17.7241	0.1444	7.7284	15.8404	1.96	151.0441	16.1604	6.4009	0.9409	0.6241	75.8641	6.5536	3.8025	1.2996	0	0.1936	12.96	2.3104	0.0483999999999999
"T"	0.4096	21.6225	0.00360000000000001	10.3684	12.5316	0.9216	162.0529	19.8916	4.3681	0.2809	1.5129	83.7225	4.4944	2.2801	2.4964	0.1936	0	9.9856	1.1664	0.0483999999999999
"W"	14.44	60.9961	10.3684	40.7044	0.1444	4.84	252.4921	58.0644	1.1449	6.9169	19.2721	151.5361	1.0816	2.7225	22.4676	12.96	9.9856	0	4.3264	11.4244
"Y"	2.9584	32.8329	1.2996	18.49	6.0516	0.0144	190.7161	30.6916	1.0201	0.3025	5.3361	104.6529	1.0816	0.1849	7.0756	2.3104	1.1664	4.3264	0	1.69
"V"	0.1764	19.6249	0.0255999999999999	9	14.1376	1.3924	156.5001	17.9776	5.3361	0.5625	1.0201	79.7449	5.4756	2.9929	1.8496	0.0483999999999999	0.0483999999999999	11.4244	1.69	0
